1716 1054 1716
1906 382
620
1151
1716 1716
1717 994
1152 1716 1716
1716 1716 1715 1906
621
1367
1715
1673
1905 1715 1715
1151
1152
1715
745 878
903
538 1716 1716
1716
1717 1717 1715 1715
1716 1716
1715
1715 878
1717
1717
1906 382
1716
1717
1151 1906
1716 1716
1152
1906
1851
1717
1717
1851 1367
1715
377 1151
7 1717
1716
377
1054
1715
382 1767
1054
620
377
7
994
994 377
1673 1767
1716
1054
1716 1716
1715 1716 1716
1716 1716 382 1367
1151
1716 1716
994
1367
1151 474
994
878
1717
1367
1715
1151
1717
1716 1716
1716 1564
1716 1564
377
1716 1716
1716
1715
1737
1673
1151
1151
1848
27
27
27
39
1813 27
21 15
15 15 39
1673
39
1242 1875 18
15 382
22 15
7 27 18
39 15
21
15
1814 18 1152
1062 15
1242
39 39 18
18 27
27
21
39
18
1242
1128
1237
21
1848
1062
1848
1062
18
1849
1237 1849
1904 7
1676
1676
1673 1676
7
1128
27
1128
1682
1151 1673
15 528
1676
7
1678
1849 1236
1676
1237 1237
7 7 18
854
1674 28
1676 1676
1242 18 1676
443
1237
1849
1678
1849
1673 1849
625 1242 1767 1237
1682 1678
1673
1237 7 1128
1128
1242
1676 27 1682
1849 1062
1849 1062
1128 1676
1849
15
1676 15 1848
39
1875 18 29 27
1128 1875 18 18 27 18
624 18 1062 18 1875
28 18 18 1875 18
27 29
18 1772
1242
27
1678
7
27 15
7
27 27
27 382 1799 29
33 39
21
39
1062
39 18
1676 15
29
1128
7
1242 27
1678 33
7
27
1875
1904
21 7
29
1242
29
7
1676
18
1875 1875
18 18
1242
27
382
1902
7 7
1903
39
7 39
1903
27
39
18 39 18
39 1814 27
903 1673
27 382
18
27 18
7
1903
878
878
878 18
18
18 7
18
39
1902
878
878
1673
1875 33
1319
18
27
1716 18
1319
1715 18 39
18 39
27
1904
22
1715 18 7 1819
27 1883
1902
7
7 1814
7
1902 1902
1904
1903
994 795
1673
7
1904
1903
1319
7
1903
7
1900
1904
1367
1904



7 1902
1903
1902 1902
1902
1902
1901
39
7
39
7
27
18
27
1673
1673
18
18
7
39
745
39

18
18
18
1814
1249
1814
7
7 39
18
18
1814
1319
7
1717
39 696
33
1799
7
453
1799
1799
1800
1799
1800
1800
1801
1717
1799 474 1674
1799
1799
1800
1801
1799
1800
7





1827
1827
21
21
15
1827
1827
27
21
15 39
15
21
22 21
27 15
18
15 39 15 39
21
21
39 15 39
15 1909
28
15 39
27
15
1130 15 39
21
18
22
22
21 1827
27
22
15
15
29 15
1242
15
1847
1849 1128 1849
1237
1128 23
1676
1128
443
15 18
1128
1128
624 443
1237
1673
1673
1909
1673 1237 1242
443
1128 7
1676
377
1875
1676
1242 1237
1676 1875 18
1673 1128 1237 1676
1128 1767 27 1676
1242 1849
1673 27 1909 1678
39
1676
1673 1676 1676
7
1128 21 1676 1676
1676 1682 1908 1767 1128 18
1849 1237 23
1849 1237 1237 1128 1848 23
1673 1062 1676 1128 33 7 1849
1237 443 1674 7
1676 1242 39 27
7 1676 1237 1673 1676
1676 7
1676 1676
39 1907
1676 22 1848 1676
1673 1909
1674
1673
1676 18 27 1767
27 1676
21
29
1875 18 1236 1062 1875
33 453 1676
18 7 29 1673
1674 18 624
1909 7 18 27
1062
18 21
1674
1802 1907
1242 382
1242
27
29
27
1678 1802
27
27
27 1674
29
29 1242
7
1242 27
27
28
7
18 33 7
27
1848
1875
18
1875 18
1875 18
7
377
1678
1717
18 7
18
28 27
27
7 27 29
15 39
1673
1242
33
15 28
39
18
33
1772 15
27
28
1849
28
27
1242 28
528
657
528
18
27
27 29 27 29
27
15
18
1910
27
795 1319
18
29
39
1814
27
18 7
1875 27
1875
18 27
27 7
18
18
33
28
18
18
1676
15 1909
15 39
1909
1673
18
1911 1902
1911
18
21
15 1909
22
7
1319 1319
903
18
600
1717
1717
1717
1673
1910
1717
1875 1673 1676

1319
7 1682

7

1682
1910





1319
1242
377
1674
1875
1678
556
1848
1054
1674 474
854
1848
1913
1909
7
1054
994
1913
1913
528 1913
1914
1913
1913
1913
1913 1914
7 1913
1913
1913
1913 377
1913
474
1914
1913
1913
377
18
1875
1054 1913
1913
377
18 1913
1913
1913
7 377
1913 1716 1716
1913 1717 1152
1913
1716 1716
7
795
1875 1913 1054 1674
1913 1054
1913 1913 1875
1716 1716
1875 1913
1913
1716 1716
7 1913 1716
18
1913
1913
1564 1716 1564 1716
878 795 538
1913
1913
1913 474
1054
1737 1767
474
878
1717
377
1151
377
474
474
1054
474
474
1913 1913
1913
1913
1680
474
1848
1910
1910
15 39
21
15
27
1875 15 21
27
15
7 39
7 27
27 1813 27
21 27
39 21 15
21 21 15 39
22 22
21
21
27 22
22
22
27
21
7
27
39
15
21 1847
1130
27
1682 39 1674
1767 657 28
1678
1680
1678
1848 1673
1849 15
1676
1676 1674 1676
1848
1909 1680 39 1767
1678
1849
1674 657 7
1909
1678
94 1062
1674 1676 1849
1849
1678 1674 443
1849
23 23
27 39 1849
1849
27 1849
21 1909 1678
1678
1849 624 1674
1673 1678
20
27
1676 1849 453
1848 1849
1909
23
1909 1849
1875 20 1798 1875 27
27 453
1909 15
1875
21
1875 27
22
1680
28
27 18
443
7
7
33
33
39
33
27
29 1062
1128 27 27
29 18
21
1715
1062
1678 1237 1910
1678
7
621
7
27
7
7
27
39
1910 27 28
1910
18
39
39 1910
1910
29
1814 28
1909
29
21
27
21
39
7 39
7
27
27
7 27
39
18
7 18
18
29
1875 39 18 29
18 39
18 29
1910
1839 878
538
1910
1910
1910
795
18
745
453
29
696
18
745
1319
27
39
18
377
1910
745 738
1910
1910
18 1678
1849
1717
377
18 382
7 1673
1676
18 39
1242
1673 1674

1716 474

1319 1319


1915 1915
1915 1915
1915 1915 1915 1915

1875 1875
377
1915 1915
1915 1915
1915 1915
18 7
1680 474
1915 1915
538
1915 1875
1716
1054 1915 1915
1715 1152
1915 1915
1674 382
621 1915 1915
1915 1915
1915 1915
1915
1319 1151
1717 1152 1915 1915
1915
1915 1915
878
1715 1715 745 1152
1915 1915
696 1915 1915
1915
1678
1054 7
1054
443 1875
474 474 7
1715 1717 1152
1717 1717
600 745
878
696 1717 1152
1717
20
443 620
1716 1152 7
1915
382
621 382 600
538 1717
1152
382
382 1151
1151
1766
1151
1151
474
745 453 1875
1716 1716
795
39
1716 1716 1152
1715 1715
1152
1766
1367
1716 1716
1716 1716
1716 1716
1875 1875
795
1151
1716 1716
1151
443
1716 1716
1716 1716
1716 1716
1855 1680
1716 1716
377
1855
1716 1716
1716 1716
696
18
1827
1827
1827
1827 1827
1827
39
7
1827
1827
1827
15 15 39
1242 7
1827 39
1827
27
22
1827 21
1827
39
21 22
22 39
15
1062 624
39
15
22
1237 1827
15 29
22
7 1242
1875 18 1875
1910
1678 1909 1128
1128
657
23 1678 1678
1128
1237 1678
1237 1237
1682 1909 33
657 39
1909 29
1682 1128
377 528 1682
1680 28 20
7 528
1673
1848 1237 528 1676
377 528
1682
1847 7 18
1237 1673 377 745
1682 1682 1128
625 1242 1678 1242
624 1682 39
1128 1128
28 1237 1128
1128 1907 1908 1673
23 377 1909 1682
1062 23
1242 1678 1674
443 1128 18 1676
7 657 27 1909
1128 1682
1673 7 657
1673 657 18
1678 1237 528 15 1676
29
29
1128
1875 1682
7 657 1682 18
878 528 18
7
15 7
453
7 443 39 27
27 7
15 28 15 18 453
27 7 878
1128 377
443
18 39
29
1128 29
1910
7
7
1128 18 1673
27
27 18
21 27 29
1152 18
29
7 1910 1676
1673 1673
18 39
21 1907 1907
1680
15 1814 18
18
7
1907
7 1875
1875
7
1802 7
18
21
1875 1875
27 18
29
33 28
377
18
39 39
27 1242


18
18
1152
377
18
1151
377
18
27 39 1242
1128
15 39
29
27
1128 18
15 1680 27
18
20
20
33
29
39
18
7 39 382
39
827
39
7 7
27
382
15 29
528
1242 7
18 39
7 18
18
7
39 27
39
39
18 15
377
7 18
15 7 18
7
21
18 1814
27
7 18
18 39
7
1674
18
7
1242
1674
18 18
18
18
39
1695
1695
33 7
657
33
7
1054
1367
33 7 18
1716
1716 1716
377 7
7
1367
1717 443
696 377
745 1717
39
1717
18
1717
745 1717
1319 1717
1152 1717
7
745
1716 39 1716 1716
1151
696
382
7
1717
795
795
1319
7 538
1319
443
1242 474 1910
377
23
1716
7
1242
18
1910
474
538 18 1680
1367 1367 39
18
1319 1910
538 1910 1682


696


18
1716
1716 854
1910
538
453
1910
528 7
1151 1242 1851
1816 443
1816
1319
18
878
7
1816
1682
39
39
39
538
1816
1152
1242
39 1772
39
39
7 443
18
474 1680
1910
1910
1831
1152 1715
538 1680
453
377
1682
443
538
745
1910
1910
18 1910
28 1151 538
1151 1816
1827 27
21
21
22
15 21
21 15
15
20 1827 22
1827 1813
29 1827
1827 1827
27 27 15
1848 27
22
21 1674 22
39 27
27 1242
27 22
27 27 1909
1909 22
1827
1827
29
1242 1827
1827
39 15
1062
15
15 29
39 21
7
1875
39
22
28
27
1908
15
1680
1236
1909 1909
18
39
18
1237
1849
1680
1875
1849
23
443
15 15 1242
1062 1682
1678
1678
657 7
1237
1128
15 1680 1242
23
39
1678 1242
39 443
1909 23 745
1909 23 23
27
27 23 1237 15 1242
1242 27
1237 15
15
27 1676
1678
1910
7
27
1130
28
1674
29
1772
556
23 1772
7 7 18
27
1813 657
528
443
29
1242 1875
1674
377
23 29 1814
7
7
39
1682
7
27 18
1772 1128
625 1128
7 1695
15
1910 443 1678
1674
27
15
33
7 7
39
27
7 1242
18 39
538 443
453
33 27 7
18
1319
27
39
7
39
39 18 39
29
18
18
18 27 18 7
7 18
18
1242
7
1875
1910
1910
7
29
1152 29
1910
29
27
15
1910
7
39 15
7 18
27
27 18
18
1910
1910
1910 18
878 1875
377
878
1242
382
7
18
1151
1816
878
18
1816
1816
1851
538
1054
995 18
474
878
382
1715
538
1319
1716 1716
7
1716 1716
1319
15
995
382 15
538
382
696
453
1716 1716
1054
878 1816
1910
1816
1152 1816 995
1875
1152
7 474
620
538
561
1319 1319 382
474
995
1152 1715
1054
696 1054
1816 1152
1910 1910
382 382
1910
995
995
1152
382
1367 538
382
7
995
474
7
538
538
1816 1319 1319
795
1152 1816 382
1816 1816
995
795 538
1151 474
1054
474
878
7 474
1716 1716
7
1716 1716
995
995 1152 1816
795
795
1816
1319 474
1816 600
1367
538
1715
538
1716 1716 474
1367
1054
1151
1152 1716
1716 1716 621 620
795 474 1151
795 474
1367
474 7 1715
1319
995 382
15 1816
1816 995
7
1367 538
1716 1716 382 1715 1715
1319 474
1716 995
382 474
1151
1716 1564
1716 1716
1319 7 1875
1716 1716
995 1319
538
1715 1715
538
1152
18 1152 1716
995
878 382 1152
1152 1816
995 738
1152 1816 1152
995 1319 1319
474 1816
1367 474 1816
1319 1367
1816
1737
1319 1319
474 1816 382
1319 1319
1151
1875 1816
1716 1716
696 1737
474 1716
600
1716 1716
1716 995
1716
1715 1737
995 1716 1716
382
1737
1716 1716 1151
474
382
538
1716 1319 1715
1715 1716 474
995
1716 1716
1716
1816
1716 1716
1716 1716
1816
1319
1319 1319 538
1715 1715
1716 1716
1716 1716
1151
1151
1152 1716
1716 1716
1816
1151
1151
1816
1816
474
474
995 1715
1715 995
1716 1816
1674 1319
443
1674 1737 1716
1737
1151
453
443 1716 1716
377 1716 1716
453
1766
377
1816 377
377
1737
1151
18
600
1151
7 474
1716 1716
1716 1716
1716 1716
377 453
1674
7
1242
1242
39 39
21
1909
15 1875
15 15 39
7
15 15
1242
21 7 39 15 27 15
39 22 15 1909
27 18 1062 15
21
21
29
15
21 7
7
624 1237
1128 1237
1237
1237
443 377
1236
1128
21 1237
1237
7
1237
1848
1680
22
1849
1062 1674
39 23
15 1128 1128
1678
1062 1062 23 1062 1128
15 39
624 23 27 7 1128
1319 1152 528 1128
1062 657
1128
1680 1128
1128
1716 1564 1062
27
7 377
1128 1242
27 1909 7 23
1909
7 1909 1909
18 15
1242
28 1682
7 1875 29 23 27 1875
39
39 1678 1682
657
18
7 15
1151
15
7
1242
7 377 1875 1875
1909 377
21
27
29 1695
453 377 18
27 1242 1814
27
7
29
18 29
1242
29
18 1242
27
27
1674
39 39
27
7
39
18
27
39
696
1875 7
27 1826 39
1826 18
27 27
1816 18
878
27
39
621 995
995 1611
27
18 27
7 27 29
18 27 745 1715
27
7
377
538
39
377
1816 377
15 538 15
33
33
538
7
7
453 474
453
7
1875 1875
1875
538
7
561 538
1816
745
453
1816
745
1680
453
453
453 453
453 1611
995
1875
1680 878





15 15 15 15
15
1611
7
738
7
561
1682
878
995 1682 538
561
1816 382
621 561 538 382
657
538
538
995
745
745 774
995

131
561
1766
1816
1816 1152
1152 1319 1152 1319
995
382
561 382 878
1611 1816
474
1816 1152 474
878
538
878
1816
561
382
382
538
538
1816
1816 620
1816
474
474 474
474
538
538
995
1715 7
538 538 1715
1319
995
538
1816
474
18 18
1816
1816 995
1716
621 18 1816
1715
1715 878 474
1816
878 561 620 1851 1367 474 538 1816 538
995 1611 474
620
1716 1152 995
1152 1319
474 995 1152 1319
561
1152 1715 1611
474 1152 1715
474 474
621
538
538 1816
1716
1716 1715 1715
696
7
7
995 745 995
1367
474
620
18 18
1611
1716 1716
538 1816 1816 1716 1716 620
538 1816 561 1152 1715 1816 1319
1767 1152
1816 538 878 745
696
696 453 995
1716 1716 538 1816 538
1716 1716 1816 538
774 1816 1152
1152 453
453 878
1716 1716 995
453
1716 1716
1716 1715
453 453 1611
621
1319 1319 1715
1816
696 1816 1716
1716 1716
1715 1715
453 1319
453
1611 382
453 474
1611
474
621
1716 1716
1816 995 1816 1716 1716 1716 1716
1816 18
1611 1816 33
538 1716
1716 1716 538 995
878 1716 1716
1716 1716 474
696 1151 1151
696 1151 696
1716 1319
538
1816
1319 1319 538
1716 1716
538
538
745 878
1716 1716
453
538
1151
1716 1716
1367
1152 1319
1816
995
1611
995 1848 1716
1716 1716
1816 1716 1716
774 538
878
1367 1715
1716
878
538 995 1716 1152 1564
1716 1716
696 995
1716 1716 745
1816 995
745
1319 538
453 1716 1716
453
538
474
453
1716 1716
1737
1151
453
538
1816
453
1716 1716 1152
1816 1152
1816
1816 738 1367
774 620 995
1716 1716
1816
995
1716 1716
1816
1611 1151
1716 1716
1367
1816 878
474
995
1716 1716
538
1151 696
1716
453 1716 1716
878
1716 1716 7
1151
878
1151 1367
1816
1151
474
1716 474
453 1816
1716 1716
33
453
453
453
1816
39
538 1367
1767
453


1629 1916
1916
1916
1916
1916
1916
1899
1899
1899
1899
1899
1899
1916
1916
1916
93
1916
1916
1916
1916
1916
1916
561
878
1715 1715
1611
1920
1920
1816 1816
1816
1920
538 538
1920
1816
474
474
1920
538
1918
1920
474
538
1367
1715 7
878
1319
1920
18
1319
1920
1816
1564 1152 1716
7 1737
474
1716
1816 1152
1715
1920
18 39
1152 1716 1716
1920
474
878
1920
738 1816 7 1737
474
738
1920
1564 1716 1715
1715
130
1816 1152
1920
1920
1319
1917
1716 130
1716 738
878
1917
1715
1715
1715 1920
1319
1716
1319 1715
1920
1716 1716 1716 1716
1920 474
878
1716 1716
1367
1816 878 1715
1716 1716
453
1816
1716
474
1816 1152
1319 1319 1716 1716
1716 1716
1716
453
1716 1716
1920 1716 1716
1716 1716
878
1816 878 1367 1367
1920
1564 1716
474
474
453
7
1816
474
561
878
1319
18
453
1319
1151
1716
1716
1151
474
1367
18
1816
1715
738
1716
1816
1319
1564 1716
7
995
1367
995
1716 1716
1920
995
738
995 878
7
995
1716 1716
1715
1151
1716 1716
1816
1367
453
1151
1916
1916
1916
1916
27
18 29
15 1814
27 15
1798 15
27 39 15
21 22
18
27
21
22 1242
1242 27
22
624
624
21 29
15
18 21
22 39
22
18
27
1916
1916
15
18 7
1128 1128
28
7
854 15
7
1062
22 657
1237
1062
657
1128
1242
29
7 377 23 1916
377
15
1128
23
1236
1062 29
15 1242
377
1128 377
18 7
7 377 1128 745
7 377 1237
1062 15 1128 7
624 22 1128 1128
1242
1128 7
1816 1062
18 7
7
7 15 1679
7 657
7 27
7 453 7
27
27 15
33
624
7
7
624
27
1798 1798 15 7 528
1916
7 1814
29
29
1242
94 27 657
27 27
1814 27
15 7
39
27
1821
994
28
27
7
1242
33 7
33 7
7
15
39
21
7
21
18 1128
27
33
39
21
18 39
1916 18 39
39 15
39
18 39 21
1242 39
15
21 39 15
39
7
7
18
1916
27
27
7 528
21
29 29
18 39 7
27
33
15
1909
878
878
15
15 39
23
657
528
1916
474
1916
1916
878
528
7
474
1725 1725
1611
474
7
453
1319
1367
39
1319
1715
7
1916 1916
1916 1916
1916
1916
1916
1916
1916
1909
27
29 22
27 1916
27
39
21 15
15 15
15 39
22 29 21
21 1909 29
21 1242
21 15
1242
21
1242
15 7
15 39
1128
39 15
15
15
21
29
33
21
18 7
1062
15 7
1916
33 7
1128
453
1916
1237
23
1237
1237
23
1128 39
1128
1128 23 23
1062
1237
39 1673
1128
1062
29 7
1849 1909
27 7
377
1237 1242
1674
1678 1237
1237
1236
23 1237
1848
33
7 1678 27
1062
1678 453
27
1242 27
453 7 377
1847
377 1128
23
7 18
443 1242
1678 22 1062
15
453 377 27
7
27 23 18
29
18
18 28
23
18 39 28 1909
23
18 28 377
23
21
27
21
1848
1128 7
7 7
1128 7 1909
1909
33
27 453
27 29 29
23 1916
15 27
27
377
453
1916
23
7
23
1909
27 29
528
21 1242
1676
1909
29
827
27
1917
29 27
29
7
15
7
39
1916
22
15
39
27
1673 18
7 18
27 18
1814
28
1916
18 18
538
21 1916
15 15 1909
561 1909
18
624
1108
1062
1816
7
1319 377
1319 443
1319 1319
1319
1916
1716 1716
600
377
377
1816


1319 1319



1816


1319 1152 1367
1367
443 1367
18
964 1319 1152
1916
1242
1062
1151
1770 878 774 1851
621
1319
1319 1716
1611
995
1629
1716 1716
1319
774 1152
1716 1716
1319
1716 1716
964
600
1367
600
1716 1716 1770
964
453 377
600 1319
474
1152 1816
1716 1716 474
1151
1716 1716
1816
474
1151
1151
657
1151
21
39
22 39 27
15 21 15
15 22 15
22 29 27 21 22
39 15
15 29 21
18
22 39
21
15
21
22 15
15 39 1128
624
15 624
22
39
39
27
1673 29 1909
39
1676
1909
1237
1237 1242
1237
1128
1062
1237
1128
1236
28
1909
1767 23
1237
1678
1237
1237 1237
23 1062
18 1128 1673 1676
1128 1849 1128
1128
1676
1847 1673
1128 7
7
1242 1848 7
1676 1849 1682
1767 1128 1676 1128
15 528 1676
39 657
1128 1849 1242
1849
1128 7 1062 18
18 1676 39
1682 7
1682 1676
1674
1847 1682 1128
29 27
1673
27
7
27 21
27
1242 7 18
15
1848 377 27
27 15
39 1849
15
20 1767 1680
15 1673 15
1242 1673 18
18 27 1673
20
39 18
1676
28
15 18
1909 18 27
29 1128
1242
15
39
39
7
29
29 1909
29 1909
29
27
27
1676
1676
1128
21
33
7
27
27
1848
1242 7
15
1242
7
27
7 15 7
1716 443
27 18
29
528
7
27 15 29 39
22
23
1848
39
7
27
39
18
7
1242 7
18 7
27
33 7
27
27
18 39
18
1814
1814 1909
1909 1814
15 561
21
745
7
1816 1770
1770 27
795 1770
696
1816
7
556
39 18
15
600
994
556
1242 854
556
7 33
854 657 1673
1816
1816
39
1816

1515 994 528 7 39
1515
18
1816 1152
600
528
1242 1242
1816 1848
1151
600
1680
878
39 600 774
7
33
18
1152 1716
964
1816
1151 1152 1716
474
1716 1716
7
600
994
556 1674 443
1816 18
964
774
1673
1673 1848
18
443
1716 1716
600
1816 1152
18
1319
1816
878 1816
964
1716 1716
443
1151
1715 600 1152
1770
1564
1151
27
21
20 7
27 39
29
21
22 21
27
15 1814
27 1242
7 1242
1814
15 1128 22
15
18
27
15
20
21
7
15 39
22
1814
1237
15
1128
1128
1237 1237
1237
1062
39
377 443
27
1673
1676 1237
39
7
39
1676 1673
1673 1767
1676
15
1848 1237 15
1674
443 1676 7 23
1849
854 1679 1673 1676 1062
1673 657 39
1674
1848 1849 1128 1673
1242 1673 1062 1674
1909
1909 1909 27 1676
1237
1128
1242 7
1849 1062
1062 1674
1062 1242
1673 1676
1676
29
1237 21
27 1813
1909
1674 1673
15
1682
7
1848
15 27 1813 18 27 28
27
27 18
1849 18
1849 1242
1678
15 29
21
7 33
994
18
1242 27 1813 1682 1128
377 453
29 27
22
29
39 18
15 27
27
28
28 33 33
33
1847 443
7
1676
624
443
27 1814
7 27
1696
1695 27 29
27
28
1909 29
1696
1909 7
7
7
29
1847
1674
15
377
15 7
1770
7
7
28
1128
15
33
33
7
7
23
21
7
39
27
21
1673
738 995
15
15
29
7
7
1814
1848
738 995
39
745
995 745
774 538
745 745
964
1242 964 1242 1367
29
1367 600
600
1770 1716 1816 1564
600
774
1816
1770
696 745
964 1715
1715
600 745
1848
1319
1319
443
1716 1716 1564 1564
1848

1767
1770 1767
1770
621
878
7
7 7
7 18
1564 1564 1716 1716
7
1848
1848
1770
1848
39
7 7
27
27 27
27
22
21 21 21
21
15 15
15 15 1242
22 39 1242
18 28 27
15 22 15
27
15 15 7 15
7
15 39
15
22
1128
1128
21
21
22 27
7
15
7
1062 27
27
1128
1128
1237 1237
1128
1128
1237 1237
27
1062
1128
7
22
1682
1682 1909
27
1237 27 1676 1673 1237
1673 7 1673
1242
1676 1680
28
1237
1676
1849
1676
854
7
1236 18 7
1242
1237 7
1128
29 15 7
1676 854
1062
1678
7
1676 1673
1128 1847 1909 21
1674 1674
23
27 624 1673
1062 1128 1674 624
657 1128 1682
33
1678 1128
1128 1128 1678
29
1673 1676 528
7
1673
1673
1673 7
27 29
1674 23 27 1242
27
1813 27
7
7 528 27
27 15
27
1242
15 7 1909
1909 21 528
27
21 1678
27 1676
1848 29
994
18 28 1678
1242 39
18
1242
27 7
1849
39
27 27
18
39
27
27 1767
27
27
29 1909
33 1909
27
1909
27
15
23
18 7
27
7
27
7
39 27
18 15
18
29
15 7
27
15 7
7
39
18
7 7
18
15 7 1673
18 39
15 29
995 7
1770 474
27
1770
382
20
15
28
1678
1851
1771
7
7
7 15
1673


1564 1716 1716


1319 1319
1564
995 1367
1367
657
1851
1673 1816 1816
15
1152 1715
18
1151
7
1152 1319
538 1770
1851
1152
834
600
1851
7
878 1851
878
1564 1564 1716 1716
18 1367
995
600
7
1851
1319
774 443
7
1716 1716
1716 1716
1152
1716 1716
1367
1770
1816 1816
774
600
995
1054
1611
1716 1716
1716 1716
964
834
1564
1564
7
964
7
1716 1716
1716 1716
1152 1319
995
1611
7
1816
1319
1152 1319
1716 1716
1054 774 1151
1771
1319
1319
1716 1716 774
1611
7
1715 1715
1152
1564 1716
1851
1319
1319
964
1771
995 964
964 1771 1152 1716
964 621
1673 964
738
130
621
1716 1716
561
1851
1816 1816
1716
1319
995
1716 1716
995
453
453
377 7
377
1054
1054 995
1319
453 377
1151
1673 1674
1716
1848
1674
696
1319 1319
443
995
7
382 1673
18
620
1771
1319 1152 1319
1151 1151
774
1851
1319 1319
1771
1851 7
1151 1816
774

















382
18
1152 1715
1319 1319
1816 1770 1715
1816
620
1816 1816
1054
561 1715
1716 1716
696 1716 1716 1716 1716
1054 995
1816 1816
1771
1716
1716 1716
1564 1716 1716
1716 1716
561
1716 1716 1715
7
1715 1715
1716 1716
18
1673 561
1715
995
1673
561
1319
1716 1716
1715 620 1054
382
33
1716 1716
964
620 1816
1716 1716 7
995 1816 1816
1673
1771
1716 1716
1771
964
1716 1716
453 7
1716 1716
1814
1151
1716 1716
1716 1716
1715
33
1816
1771
1766
1737 382
1673 964 1367 1771 1367
1319
1319
621
964
964
1716 1716
1674
1770 1716
1715 1715
1816 1673
1367
1673
1715
1816
1716 1716
1716 1716
1515 1716 1716
964
696
382
1242
1716 1716
964
18 29
453
561
453
453
443
1673 382
1674
964
964
964 1737
443
561
453
1716 1716
964
620
1674 382
1673
1674
382
1716 1716
1716
964
1848
745
39
29 377
1673 1674 1680

1673 29
