453
1680
9
1673 814
1 29
22
22
29 1
4
22
22 1
23 21
8 1
814
21 15 1
4 21
875 4 15
875
15
21
15
8
7
8
1
15
21
9
8 15
9
15
9
1680 1673 1767
1676
814
1
849
1682
1242
1673
1236
1682 1767
1673 1674
15 1 1673
1678 382 1128 1676
123
1676 1237
1674 123 8 1237 1676 1242
23
1676 1674 1676 1237
1673 1128 1676 1242
1673 1676 1128
1676 1128
1062 1128 377 7
1237 1128
1680 1237 1680
1128
1128 1062
1682 1673
1676 1128 4 15
8 1062 1128 453 1673
1062 1676
1676 7
1 8
8
1676
1151
1130
1 854
29 875
849
1674
855 8 29
1130 855 855
29
9 1673
816 1680 1062 1
1 855 875
1676 8 855
7 1 1130
1682
33 816
4
1676
1798
1
15 1 1 1767 1680 29
1242
8
7 848 855
1
1
8 8 1
29 453
1676
1676
1128
1798
8
624
33 33
15
1151
875
8
8 1242
29
8 1
1798 1
4
7
855
1242 4
1674
849
8
994
7
8
1242
9
58
9
8 855
875
8
875
9
8 855 875
8
8
7 8 855
855 4
8
8
9 453 855
7
7
8 814
814
4
814
8
8
1798
8 855
28
814
814
1798
7
7
814
814 1798
902
814 8
9
9
1767 841
816
538 377
8 4
600 377
745
1676
1676
1673
7
8
903 377
538
538
377
377
853 851
33 8
855 855
8
795 841
7 855
816
964
888 816
538
377 738
816 1680
1767
848
1682
7
849
8
8
453 795
795
8
538 816 816
1242 816 816
5
1771
9
795 816
3 2
8
2 3
1716 1716 1564 1564
848
1716 1716
816 1151
1771
1716 1716
1673
538 795 9 874
875 875 875
795 883
795
738
1771
1716 1716
4
964
1771
795
1771
1716 1716
816 1771
5
816
1673
8
795
1673
964
902
795 2
1766
1673 795
1771
1673
816
964
816
1716 1716 1716 1716
816 816 3
795
1716 1716
816
877 879
877 879
1
29 15
15 1767
8
8 1 1242 1680
1676 1242
7 15 4 8 4 15
22 21 1
21 813
21 1
22
15 15
3 22
8 1242 15
875 22 21
15
15 1674
1062
8
21
7
21
15 4
1236
1767
1128
4 8
1237
1
1
1237 1128
1242
1237
1237 1062
7
1236
1237 1673
657 15 1128
7
7
1673
1676 875
23 848
1678 377 1676
1678 1237
1676 377 7 1237
1128 1678 377
1062 1128 1676 1242
453
1674 1128 1673
849 1151
1242
1673
28
994
849 453 1128
1242 8 377 1682 1128
8 1062
1676 624
1673 382 1676 1128
1676 1062 8 15 8
7 1062 1242 1676
1128 1242 1128
1676
1128 1676 8
854
21
875 1
1
813 657
528 15
1798 29
15
816 7
816 1 1674 1678 848
8
8
7
382 8
8
15 15
7
1673
1
7
1 1242
29
29
8 875 1676 875
22 1
875
33
33
33 29
1242
875 1
29 1
28
875
1
882
29 28
882
29 4
1242 7
29 15
1696
1695
1
1
33
1249
29
1242
875
4
7
8 4
1
8
814
1515
7 382
8
8 8
4
8
4 29
21 8
4
7
1
8 4 33
738 1054 7 1
814
33
7
851 4 29
4
875
1716 2
2
7
556
7
1680
556
795
1771
84
7
7
964 875
7
875
1674
556
1674
903
795 1771
1673
1771





877
877

902
902 964
3
964
453
453
964 964
738
1716
1054
5
1054 1771
1771
795 556
776
738 577 3
816 3 902 556 902
816 3
3 2
738
902
795 964
3 2 1737
1716 3 1716
1054
556 738
1771
816 795
816 3
2 816 3
902
816 2 556
7 1716 852
1151 1151
841 841 902
816 3 795 1151
5
902
1054
902 795 1054
795
795
1771 1151 1737
795
816 816 3
1716 1716
738
556 816 816
1716 3 4 3
577 3 556
1716 1716
816
816 1771 1151
1054
1716 1716 84
1771 556
556
1771 795 1054
1054
902 1766 841 1771
1716 1716
1737
577
5 816
1716 1716
816
1054 2 1716 3 1716 1716
1151
1054 1771
556
5
795
738
556 1151
816 816 738
816
1716 1716
1054
1716 3
1716 1716
902 795
2 3 1716 3
3 2
902
1716
538
795
738
3
3
1771
7
1054
795 1716 1716 1242
1771
7
1771
556
1716 1716 1716
1716
816 816 1771
851
1151 556
1716 1564
816 3
816
841 556
8
1716 1716
7 816
577 1771
1716
795
816 3 816
816 1716 1716
377
816 816 3
1151
1771 377
816
816 3
738
1054
3 2
1716 1716
848 816 816 5
1737
1673
1151
1151
1716 1716
1716 1716
1716
1771 1151
1716 1771
841
1737
1680 3 2
816 816
1716
816
816
94
738 816
816
577 3
1680
1151
1054
657
1716 1716
453
1674
377
1771
738
1673
738
1716 1716 7
1151
2
1716 1716
1680
841
1716
1771
738
2
1771
1151
1676
1716 1716
1680
1151
1680
7
1151
1151
377
1716 1716
577
1680
1771
8 1682
1674
1151
7
28
1
4
8
1
1676
8
8
1678
848
1676
1674
1682
895
895
895
8
8
851 895
814
8
2 2
4
7
8 1766
1673
895
8
849
7
895
848 1767
620 738
851
895
895
1771 895
895
895
895
377
895 895
7
1798

895



7
895
851
620
895
895
3
3
7
577
841
7
556
5
1242
7
7
1564 2
8
7
903
1682
556
8 4
7
7
1674
1673 7
1673
657
1151 8
1151
7 7
8 4
814
814
1
8
657 8
1676
7 528 1673
7
1674
7
2
2
1682



896 896
896
896 896
896
896 896
896
896 896
896
896
896 896
896
896 896
896
896
896 29
29
896
896
29
896
29
896
896
29
1 1 1
4
3
29
875 875 1
814
7 1 896
896 896
896 29
896
15
896 896
896 896
896
896
896
896
896
875
29
1236
1236
1128
1237
1236
1674
1678
1128
1676 8
1676
1676
1676
1674 1673
1062 1674
1128 1676
1128 1676
1676 1678
1676
1676
7 896
1 8
1676 8
1678
8
528
7
1062
854
848
8
7
7 377
21 33
28 28
7
994 994
994
8 7 8
8
1236 7
1 28 657
28
1 8 1
7
15 1
1
1 8 29
1771
1
814
620
620
2 2
2 2
29
875
875 875
4
4 8
903 3 1716
1716 1564
1673 1151
7
8
657
8
875
7
7
1151
7
1680



657



3


7 443 443
1767
4 897
897
1151
897
7
897
7
1673
1680
897
2 897
897 1515
897
854
2
1054
738 7
7
897 443
897
897
897 897
897 897
897
897 897
1716 3
1054
897
897
738 897
453
528 8
443
897
897
2
2
897
1716 1716 577
1717 3
2
897
897
897
7 897
897
897
1716
897
897
897
897
1054 897
600
897 897
897
897
897
897
897
897
897
738 453
453 377
556 33
897
897 897
897 577 20
1054
1054
621 897 621
841 1766
2
897 377
897
897
377 897
897 1716 1716 3
2
897
577
1054 1054
897
600
1716
897
897
897
1680 1680
561
556
897
897
897
897
897
453 377
377
738
1151
897 897
1151
453
33
33
738
848
897 897
897 897
897
848
453
897 897
897
897
897
897
897
897
897
577
897
1151
1151
897
897
897
21 813 7
15 1 29
15 15 1
15 29 1 15
22 1242
3 1 8
29 8 4 4
1
1242 8
22 1
4 1151 15
22 4
1
21 21
21 1 1
4 22
21
22
15 4


21
28 1680
624
1
3
7
22 29
1242 29
1128
8
15 29
875 15 4
7 15
8
7 15
4
814
21
1237
1 1237
1237
1
657
657
7
528 4
1673
528
625 1676
1242
4 7 528
1130
849 1237
123
849 123 1682
1242
849
7 1682
848 23 7 8 4
1678 875
1678 23 1062
848
1676
4 1717 657
1682 1242
1682
1678 1151 1767
1678
1682 1680
1 1062
1130 1 123
1767 21 657
1 1680
528 15
1236 15 657
1678
849 1678 1237
1682 15 7 21
1128 15
20 657
1 7 875
1
1682
7 1 7
849
29 1676 15 4
848 1767 29
849 849
849 1674
875
29
7
7 814 1 1237
29
7 29
29 903
1 8
1
29 4
29
1676
1
849
528 7 1 8
1
1682
29
29 29
7
7
29
7 453
1
33 1130
4 814
29
4
1678
8 1
1242 814
1237
1716 8
8 1130
898 15 8
875
7
8
898
8
1151
33
1717
875
4
1 3 28
814
814
1717
2
8 29
15 7
1
7
875 1
8 20
898 4
1
1242
8 7
4 4
1 7
7
8
8
20 8 4
8 1
8 33 4
8
4
8
8 7
8 7
7
8
898
738
1717
1717
1717
898
903 1717
8
849
8 4
8 4
621 1767
8
528
1682
600 28 7
123
8
8
1682
20
556
898
898



28
561
903 1717
851
994
600
903
1737
474
453
453
7
453
4 8
556
898
556
882
8 8
898
898
22 15
21
21
21
21 814
22 15
29 21 21
15 15
4
1
624
8 29 4
29
29 21
8 29
22
1
1128
4
22
15
898
29
848 848
875
1903
1128
4
1236
443 1237
443 1242
1674 1237
1237
1237 1237
1062 123
1237
7
4
21
1678
528 7 29 657 28
1674 848
1242 849
898
1674 1128 1 1128 8 1678
875
1682 443 7 4
1151
1237 22 1680 1128 8 1678
1242
377 528
1242 8 875 1678
1678
23 849 1674 849
1128 849 854 377 7 848
1 1062 1674
377 1680 8 1678 8
7 33
1678 15 1680 875 15 1682
7 1680 8 4
1236 23 20 1128 1128
745 1
7 854 7 1682
898 7
1680
898 7
1
15
1
28 377
1
1682
29 1
8
8
7 826
29 813
443 15 8 1
23
29
7
377 15
814 29
8 1128
875 7 814
8 7
4 7
875 1
8 875 1
1
875 377
1242 1674 7
1 1682
7
1 15 33
1 8
377 875 1236
1128
4
7
15 7
8
4
4
1 8 29
29
377 7 453 8
1
22
29
875
875
875
875 4
8
1
7 15
1
29
1717
1
8 7
8
1717
8 1 4
8
8 8 8
8
1242
33 33
8
4
7 8 875
8 1717
8 7 8 4
8
814 8 1717
8 8
1717
7
21
8
8 28
23
8 1
8 7
8
453
443 474
8
1242
15
7
620
33 7
33
1
28
7
4
875 4
8 4
8 28
898
7
1170 600
7 15 443
8
4
600 22
1054
8
1242 23
898
474
556 1674
875
898
443
474
443
600
898
878
898
1766
443
745 898
898
7
474
600
8 474 443
443
1054
745
994
600
474
556
898


600

3 1170


443 600 474
3 1170
474 474
474 7 7

600
600
898
898 600 898 1151
898
898
898 898
898 4
898
898 898 1170 621
898 898
898
1054 556
621
898
8 382
898
1242 1716 3
898
898
2 3
1717
3 1717
600
556
1170 3 898
898 3 1170
1054 3 1170
2 3
738
600 898
2 3
3 2 1717
3 1716 3
474 382 3
1054
3 1170
2
2 3
2 3
898 1716
1716
3 3 1716
3 2
1716
2 1054
4
1737 474
600
1151
556
2
556 1717
3 1170
8 4
1716
1716
3 1170
556
1717
1717
994
1170 2
1717
2
1151 1151
1716
1716
382 1151
1716
3 1170
1151 851
1151 3 1170
1151
1717
696
994
1717
621 1766
1170
3 1170
994 1716
556
620
1170
1
1
1717
1716
1151
2 474
621
1716
1151
1151
2
474 2 1717
2 1716
3 3
1054
3
620 621
2 3
1717
1151
1716
2 3
1766
1151
1054 556 1151
1716
1716
1716
3 1716
1170
1170 1170
2 3
2 1151
1151
1151 1717
1
1716 1716
1170
1717
1716 1716
1717
1766
1151 745
1151 1716 1716
1716 1716
3 1716 1716
1716 1716
2 2
3 1716
474
1151
1680
1151
1151
8 1151
1716 1716
1151
1151
2 2
1151
1151
1 22
1 813
1 8 1
22
15
21
22
15 4
29 22 22
22 8
15 21 22
28
22 15
875
1767 875
4 15 4
21
8
4
8 21
21 1249
875 875
28
22
1 1680 875
882
657
1676
1678
1767 849
1678 875
1242
1676
7
849
1237
1237
875 8 848
1237 1237
1236 8 443
1673 875
23 875 1673
1237
1673 4 875 1673 1237 443
1676 1676 1676
1128 453 1767 813 1 1680
849 123 1242 1680
1673 657 1242
1237
7 1242 1 8 1128 1682
1673 1 849
7
33 1676
1 1676 1678 22
1767 1673
1680
1678 875 1 29
875 849
1237 1062 875 849
814 875 1676
1676
875 28
7
1673 1
875 849 22 1673
1682 1676
875
538
875
28 123
29 1678
875 875
745
8
8
453 1673
1
28 443 1242
8 21 875
29 849
875 8
443
8
1242
1
7 1242
1128
624
1682
1
1
875
813
1 813
453 7
453
813
1676
1673
7
7
1242
1151
8
8
29
814
1242
826
29
1242 1676
1170
814
1772 15 7
1242
7 538
1799
1799
1 4
1242
1
7
1 8
8
4 1 7
7 8
8 29
4
1 15
2 1170
4
1676 3 538
8 4
8
29
8 4
15 7
8
8
29 8
29
29
4
875
1170 814
1170
443

1716 7
1716
33 1151
1170
8
8
556
994
696
1054
2
851
1054
696
621
745 1717
1767
1170
